rows=3969
cols=3850
(0, 1729, 425)
(0, 840, -432)
(0, 1952, -858)
(0, 438, -932)
(0, 1345, 460)
(0, 1270, -389)
(0, 1037, 733)
(0, 724, -644)
(0, 2482, -243)
(0, 2456, 366)
(0, 484, -704)
(0, 1339, -800)
(0, 3074, -564)
(0, 1898, 384)
(0, 901, 39)
(0, 1585, -951)
(0, 929, 882)
(0, 37, 284)
(0, 1523, -673)
(0, 3421, 640)
(0, 1227, -674)
(0, 189, -556)
(0, 1341, -955)
(0, 1113, -949)
(0, 504, -832)
(0, 144, 539)
(0, 832, -637)
(0, 556, -874)
(0, 1214, -716)
(0, 1406, -601)
(0, 2017, -823)
(0, 1010, -565)
(0, 3186, 746)
(0, 2902, 10)
(0, 3351, -774)
(0, 1840, 355)
(0, 2782, -551)
(0, 2540, 726)
(0, 279, 764)
(0, 1821, -407)
(0, 1141, -804)
(0, 533, -62)
(0, 306, -811)
(0, 772, 324)
(0, 2831, -881)
(0, 1744, -786)
(0, 1257, -316)
(0, 3218, -731)
(0, 464, -660)
(0, 1862, -84)
(0, 898, -1020)
(0, 1445, -735)
(0, 3311, 41)
(0, 3596, 316)
(0, 461, -109)
(0, 1453, 395)
(0, 771, -927)
(0, 1129, -92)
(0, 165, -986)
(0, 1192, -767)
(0, 2147, -695)
(0, 185, -564)
(0, 230, -735)
(0, 1148, -271)
(0, 2303, -656)
(0, 1418, -534)
(0, 3284, -580)
(0, 2407, 45)
(0, 1192, -559)
(0, 2286, -989)
(0, 70, 648)
(0, 816, 148)
(0, 349, 749)
(0, 1866, 168)
(0, 2923, -928)
(0, 3146, 292)
(0, 3373, -44)
(0, 2915, -988)
(0, 818, 116)
(0, 675, -103)
(0, 2160, -622)
(0, 2472, -692)
(0, 3423, -971)
(0, 250, 705)
(0, 231, -934)
(0, 2826, 534)
(0, 1720, -953)
(0, 1358, -550)
(0, 1205, -1015)
(0, 2072, -618)
(0, 518, -232)
(0, 267, -23)
(0, 376, -584)
(0, 2132, -559)
(0, 690, -961)
(0, 221, 191)
(0, 302, -639)
(0, 3322, -752)
(0, 2939, 1018)
(0, 2258, -971)
(0, 1598, -901)
(0, 1250, -420)
(0, 1037, -933)
(0, 651, -53)
(0, 3458, -33)
(0, 1575, 905)
(0, 1560, -1005)
(0, 2244, -658)
(0, 1155, -862)
(0, 759, -896)
(0, 980, 74)
(0, 1342, -426)
(0, 339, -571)
(0, 3535, 587)
(0, 2983, -137)
(0, 1134, -896)
(0, 864, -692)
(0, 1915, -256)
(0, 867, -999)
(0, 3428, -856)
(0, 757, -882)
(0, 1452, -438)
(0, 2693, -606)
(0, 108, -551)
(0, 347, -268)
(0, 830, 527)
(0, 688, -440)
(0, 1207, -1012)
(0, 3746, -54)
(0, 512, 138)
(0, 1854, -48)
(0, 1024, -269)
(0, 871, -820)
(0, 1026, 195)
(0, 2563, -618)
(0, 3720, -640)
(0, 2623, 713)
(0, 2905, -841)
(0, 1368, 261)
(0, 1824, 866)
(0, 1293, -945)
(0, 753, -561)
(0, 1143, -886)
(0, 1195, -305)
(0, 1463, 741)
(0, 1854, -846)
(0, 679, 803)
(0, 3521, 149)
(0, 2923, -753)
(0, 2457, -604)
(0, 2466, -310)
(0, 3097, 193)
(0, 1241, 600)
(0, 343, 605)
(0, 1234, -937)
(0, 360, -518)
(0, 705, -674)
(0, 1998, -556)
(0, 1193, 616)
(0, 1593, -590)
(0, 596, -790)
(0, 3698, -589)
(0, 3218, -575)
(0, 1496, 760)
(0, 2359, -525)
(0, 3838, 230)
(0, 2764, 811)
(1, 751, -1008)
(1, 6, -645)
(1, 344, -775)
(1, 1119, -750)
(1, 2240, 158)
(1, 2549, 425)
(1, 631, -616)
(1, 606, -546)
(1, 2903, 597)
(1, 1909, 37)
(1, 225, 199)
(1, 88, -567)
(1, 788, -663)
(1, 1221, -273)
(1, 1071, 788)
(1, 2935, -661)
(1, 119, -529)
(1, 1151, -255)
(1, 1624, 583)
(1, 1516, -814)
(1, 1275, 247)
(1, 652, -148)
(1, 2254, -654)
(1, 1669, 161)
(1, 1334, -975)
(1, 330, -824)
(1, 1513, -1009)
(1, 147, -312)
(1, 1648, -886)
(1, 1167, -846)
(1, 949, -908)
(1, 2375, -934)
(1, 1112, 896)
(1, 1848, -756)
(1, 2182, 623)
(1, 762, -832)
(1, 3410, -585)
(1, 791, -846)
(1, 1754, -447)
(1, 215, -869)
(1, 1574, -966)
(1, 2461, -698)
(1, 3680, 211)
(1, 3657, -236)
(1, 1669, -647)
(1, 2443, -568)
(1, 219, -542)
(1, 3831, -891)
(1, 903, -413)
(1, 908, -869)
(1, 1508, -568)
(1, 3418, -942)
(1, 513, -699)
(1, 918, -548)
(1, 1943, -562)
(1, 2122, -590)
(1, 2678, 723)
(1, 1433, -795)
(1, 1734, -688)
(1, 2923, -874)
(1, 580, -572)
(1, 2646, -671)
(1, 507, -81)
(1, 62, -631)
(1, 606, 483)
(1, 1062, -573)
(1, 395, -560)
(1, 1265, -816)
(1, 3123, -997)
(1, 137, -535)
(1, 2202, 362)
(1, 390, -958)
(1, 1599, -695)
(1, 1841, -762)
(1, 2399, 118)
(1, 1679, -663)
(1, 582, -736)
(1, 1840, 1000)
(1, 731, -861)
(1, 1650, 87)
(1, 1563, 425)
(1, 19, -951)
(1, 290, -855)
(1, 3723, -758)
(1, 1152, -833)
(1, 386, -449)
(1, 2902, 743)
(1, 1475, -615)
(1, 2829, 963)
(1, 62, -926)
(1, 292, -427)
(1, 79, -773)
(1, 1136, -977)
(1, 1782, -933)
(1, 1868, -781)
(1, 15, -292)
(1, 191, 16)
(1, 362, -258)
(1, 1624, 624)
(1, 314, -554)
(1, 1263, -188)
(1, 2673, -698)
(1, 713, -619)
(1, 1302, 640)
(1, 228, -766)
(1, 1936, -100)
(1, 707, 619)
(1, 1490, -870)
(1, 421, -819)
(1, 3039, -785)
(1, 2267, -526)
(1, 3486, -613)
(1, 1905, -709)
(1, 1451, 127)
(1, 1187, -541)
(1, 861, -761)
(1, 1487, -606)
(1, 103, 946)
(1, 207, 1020)
(1, 3195, 821)
(1, 1475, -533)
(1, 1643, -542)
(1, 119, -609)
(1, 474, -318)
(1, 891, -612)
(1, 1509, 154)
(1, 2181, -653)
(1, 529, -627)
(1, 191, 237)
(1, 1739, -889)
(1, 3321, -669)
(1, 3521, -847)
(1, 397, -392)
(1, 1540, -959)
(1, 1843, -840)
(1, 1633, -236)
(1, 1763, -675)
(1, 3187, -945)
(1, 1232, -835)
(1, 2429, -321)
(1, 1420, -854)
(1, 3078, -383)
(1, 1413, -623)
(1, 560, 23)
(1, 2501, -878)
(1, 444, -524)
(1, 1734, 471)
(2, 1877, -626)
(2, 1509, -628)
(2, 753, -882)
(2, 2685, 142)
(2, 630, 322)
(2, 2482, -785)
(2, 2616, -675)
(2, 2104, 94)
(2, 3172, -630)
(2, 786, -493)
(2, 1428, -766)
(2, 1850, -145)
(2, 1255, 10)
(2, 1863, -962)
(2, 208, -985)
(2, 3822, -782)
(2, 2614, -746)
(2, 1704, -921)
(2, 1676, -869)
(2, 1311, 536)
(2, 3805, -432)
(2, 1782, -704)
(2, 2222, -981)
(2, 191, -775)
(2, 2339, -442)
(2, 2951, 594)
(2, 2346, -698)
(2, 2883, -314)
(2, 1733, -500)
(2, 1066, 92)
(2, 48, 449)
(2, 2320, -625)
(2, 110, -552)
(2, 2421, -910)
(2, 2686, 438)
(2, 807, -540)
(2, 804, 229)
(2, 1802, -983)
(2, 191, 177)
(2, 1611, -897)
(2, 1591, -1008)
(2, 275, -573)
(2, 1364, 578)
(2, 3197, -552)
(2, 1087, 695)
(2, 266, -882)
(2, 1909, 684)
(2, 102, -821)
(2, 393, -348)
(2, 1828, 871)
(2, 1231, -836)
(2, 2746, 545)
(2, 917, -661)
(2, 269, -749)
(2, 1317, -917)
(2, 996, 250)
(2, 2713, 350)
(2, 1752, -520)
(2, 919, -569)
(2, 2616, 98)
(2, 1279, -480)
(2, 583, 748)
(2, 1752, -703)
(2, 525, -1006)
(2, 19, -676)
(2, 145, -657)
(2, 3774, -967)
(2, 1717, -271)
(2, 196, -811)
(2, 538, 640)
(2, 501, -924)
(2, 1470, -1001)
(2, 29, -629)
(2, 1387, -605)
(2, 3523, -744)
(2, 3680, -640)
(2, 1889, 341)
(2, 1290, 431)
(2, 3418, -373)
(2, 1077, -561)
(2, 555, -559)
(2, 3378, -469)
(2, 1035, -394)
(2, 2416, -584)
(2, 355, -549)
(2, 1259, -732)
(2, 1849, -792)
(2, 1618, 74)
(2, 3607, -635)
(2, 1608, -676)
(2, 3552, -566)
(2, 1568, -916)
(2, 437, -743)
(2, 1220, -789)
(2, 310, -657)
(2, 1320, -629)
(2, 2852, 587)
(2, 644, -948)
(2, 2987, -515)
(2, 3435, -996)
(2, 733, -693)
(2, 3166, 525)
(2, 1395, 788)
(2, 600, -115)
(2, 96, 846)
(2, 1067, -657)
(2, 1897, 365)
(2, 2056, 400)
(2, 1415, -904)
(2, 3386, -1016)
(2, 159, -530)
(2, 2693, -455)
(2, 1226, -963)
(2, 1716, -780)
(2, 2244, -826)
(2, 1524, -418)
(2, 135, -206)
(2, 901, 1008)
(2, 419, -1019)
(2, 801, -667)
(2, 2280, 36)
(2, 1344, 713)
(2, 843, -950)
(2, 408, -673)
(2, 2771, -609)
(2, 1277, -997)
(2, 1387, -942)
(2, 504, -120)
(2, 515, -554)
(2, 2370, -638)
(2, 2023, -104)
(2, 1612, -794)
(2, 1511, -124)
(2, 3273, -605)
(2, 1245, -951)
(2, 1235, -743)
(2, 1080, -607)
(2, 1208, -754)
(2, 141, -782)
(2, 1052, -670)
(2, 1801, 829)
(2, 2332, -744)
(2, 1290, -767)
(2, 704, -656)
(2, 1869, 835)
(2, 2938, -930)
(2, 1202, -539)
(2, 1036, -430)
(2, 1333, -767)
(2, 303, 808)
(2, 1362, 358)
(2, 2241, -757)
(2, 1392, 595)
(2, 2061, -523)
(2, 1243, -773)
(2, 890, -835)
(2, 535, -527)
(2, 1087, -162)
(2, 1617, 153)
(2, 1575, -895)
(2, 75, 634)
(2, 121, -167)
(2, 3641, -1015)
(2, 3775, -635)
(2, 1470, -1015)
(2, 372, 848)
(2, 605, -987)
(2, 1115, -922)
(2, 433, -288)
(2, 1417, -573)
(2, 431, -729)
(2, 3485, -596)
(2, 3117, -682)
(2, 2018, -971)
(2, 1899, -990)
(2, 349, -988)
(2, 402, -324)
(2, 3587, 665)
(2, 756, -792)
(3, 1798, 271)
(3, 1323, -1015)
(3, 3332, -65)
(3, 476, -646)
(3, 782, -584)
(3, 425, -819)
(3, 3080, 981)
(3, 2302, -678)
(3, 3093, 695)
(3, 1896, -838)
(3, 1939, -967)
(3, 1617, 113)
(3, 3113, -930)
(3, 1435, 812)
(3, 1694, -692)
(3, 3472, -843)
(3, 3448, -908)
(3, 87, -622)
(3, 1006, -552)
(3, 12, -764)
(3, 1888, 389)
(3, 2906, -881)
(3, 293, -578)
(3, 873, 537)
(3, 944, -906)
(3, 2236, 380)
(3, 1249, -675)
(3, 2825, -957)
(3, 558, -667)
(3, 3533, -587)
(3, 221, -320)
(3, 2076, 760)
(3, 1859, 583)
(3, 552, -891)
(3, 757, -803)
(3, 1793, -954)
(3, 340, -625)
(3, 1358, -899)
(3, 650, -516)
(3, 772, 61)
(3, 1777, 396)
(3, 1850, 227)
(3, 1070, -974)
(3, 3331, -611)
(3, 1398, -980)
(3, 468, -988)
(3, 1358, -931)
(3, 238, -647)
(3, 293, -741)
(3, 172, 954)
(3, 450, -1)
(3, 1545, -759)
(3, 1329, -601)
(3, 2665, -933)
(3, 1805, -765)
(3, 3586, -163)
(3, 1328, 213)
(3, 1530, 959)
(3, 1854, -782)
(3, 3351, -716)
(3, 1385, 844)
(3, 536, -877)
(3, 1788, -598)
(3, 1603, -782)
(3, 1012, 795)
(3, 699, -922)
(3, 1000, -622)
(3, 1978, -513)
(3, 106, -682)
(3, 630, -649)
(3, 3088, -717)
(3, 613, -151)
(3, 1503, -956)
(3, 1084, 832)
(3, 341, 981)
(3, 3146, -1005)
(3, 859, -728)
(3, 1677, -678)
(3, 1598, -681)
(3, 489, 800)
(3, 2390, 994)
(3, 639, -28)
(3, 2935, 75)
(3, 998, 436)
(3, 1769, -583)
(3, 1721, 503)
(3, 156, -569)
(3, 1848, 659)
(3, 858, -714)
(3, 750, -962)
(3, 490, -623)
(3, 955, -837)
(3, 79, -611)
(3, 21, -310)
(3, 1206, -532)
(3, 2720, 519)
(3, 3431, -673)
(3, 1858, 679)
(4, 3300, 981)
(4, 1070, -852)
(4, 3009, -933)
(4, 2217, -1021)
(4, 1187, 339)
(4, 1522, -558)
(4, 3382, -593)
(4, 504, 679)
(4, 623, 970)
(4, 362, 171)
(4, 323, -807)
(4, 1785, -616)
(4, 152, 266)
(4, 319, -806)
(4, 846, 897)
(4, 1708, -498)
(4, 1831, -935)
(4, 600, -756)
(4, 168, -676)
(4, 3625, -1023)
(4, 2336, 773)
(4, 3848, 8)
(4, 3238, -784)
(4, 608, -858)
(4, 932, 978)
(4, 118, -628)
(4, 489, -918)
(4, 3282, -919)
(4, 1073, -803)
(4, 119, -879)
(4, 505, 752)
(4, 2213, -985)
(4, 171, -792)
(4, 1345, -868)
(4, 34, -690)
(4, 483, -608)
(4, 1839, -541)
(4, 2186, 24)
(4, 2327, 663)
(4, 333, -536)
(4, 850, -642)
(4, 1605, -507)
(4, 690, -796)
(4, 868, -700)
(4, 3372, -901)
(4, 1419, 483)
(4, 326, -1019)
(4, 2156, 607)
(4, 1577, 63)
(4, 60, 735)
(4, 275, -212)
(4, 2804, -626)
(4, 1486, -583)
(4, 561, -736)
(4, 1026, -742)
(4, 3056, -974)
(4, 3261, -597)
(4, 77, -553)
(4, 3273, -885)
(4, 2898, -835)
(4, 897, -916)
(4, 910, -41)
(4, 464, 372)
(4, 1413, 746)
(4, 1397, -895)
(4, 486, -848)
(4, 2724, 657)
(4, 925, -176)
(4, 281, -574)
(4, 902, -637)
(4, 53, 544)
(4, 3152, -748)
(4, 1717, 33)
(5, 477, -980)
(5, 1091, 533)
(5, 261, 550)
(5, 783, -123)
(5, 1472, 266)
(5, 918, 928)
(5, 1769, -664)
(5, 625, -431)
(5, 420, -875)
(5, 3771, 312)
(5, 648, -774)
(5, 567, -286)
(5, 615, -503)
(5, 26, -319)
(5, 144, 1007)
(5, 154, -524)
(5, 594, -516)
(5, 496, -628)
(5, 61, -545)
(5, 430, -744)
(5, 642, -921)
(5, 571, -818)
(5, 1419, -553)
(5, 3837, 386)
(5, 815, 935)
(5, 1342, -872)
(5, 1194, -214)
(5, 759, -22)
(5, 1095, -196)
(5, 2314, -610)
(5, 1124, -28)
(5, 4, -936)
(5, 2727, -904)
(5, 1508, -162)
(5, 234, -615)
(5, 297, -945)
(5, 1772, 596)
(5, 2964, -707)
(5, 1986, -518)
(5, 1913, -566)
(5, 304, 297)
(5, 1881, 731)
(5, 1224, -489)
(5, 1657, 512)
(5, 1879, 299)
(5, 297, 472)
(5, 293, -598)
(5, 687, -815)
(5, 1119, -673)
(5, 3235, -878)
(5, 445, -157)
(5, 2057, -879)
(5, 130, -670)
(5, 738, -522)
(5, 1218, 455)
(5, 3489, -852)
(5, 743, -691)
(5, 919, -678)
(5, 717, -532)
(5, 886, 17)
(5, 1650, -703)
(5, 1940, -930)
(5, 1919, 21)
(5, 1785, 322)
(5, 1175, 601)
(5, 2932, -573)
(5, 2187, 147)
(5, 186, -658)
(5, 972, -664)
(5, 1810, -722)
(5, 1566, -551)
(5, 1710, -825)
(5, 995, 634)
(5, 3032, -824)
(5, 1482, 896)
(5, 1488, -918)
(5, 1240, -172)
(5, 985, -211)
(5, 1110, 507)
(5, 356, -622)
(5, 1313, -831)
(5, 1113, -124)
(5, 1338, 103)
(5, 121, -812)
(5, 648, -654)
(5, 266, -686)
(5, 284, -516)
(5, 1218, -397)
(5, 221, 171)
(5, 3762, -765)
(5, 893, -493)
(5, 1518, 110)
(5, 281, -611)
(5, 242, -606)
(5, 913, 20)
(5, 416, -343)
(5, 1286, -709)
(5, 3602, -635)
(5, 1896, -1013)
(5, 1458, -840)
(5, 1299, -570)
(5, 1261, -460)
(5, 1193, -770)
(5, 249, 814)
(5, 1492, -515)
(5, 1270, -448)
(5, 2028, -593)
(5, 1839, 600)
(5, 79, 581)
(5, 1015, 601)
(5, 713, -879)
(5, 1505, -916)
(5, 2685, 172)
(5, 1911, 830)
(5, 1337, -967)
(5, 1546, 687)
(5, 1095, 171)
(5, 1799, -546)
(5, 1294, 953)
(5, 429, 930)
(5, 418, -795)
(5, 2177, -968)
(5, 348, -872)
(5, 1600, -998)
(5, 852, -267)
(5, 1369, 222)
(5, 1072, -716)
(5, 1293, 864)
(5, 263, -557)
(5, 2218, 668)
(5, 879, -680)
(5, 1654, -599)
(5, 2493, -673)
(5, 3081, -927)
(5, 1522, -677)
(5, 423, -872)
(5, 614, 517)
(5, 3658, 428)
(5, 1939, -368)
(5, 1599, 320)
(6, 1168, 807)
(6, 1069, -753)
(6, 2500, -454)
(6, 1554, -820)
(6, 1590, -30)
(6, 1217, -962)
(6, 6, -855)
(6, 1802, -718)
(6, 35, -569)
(6, 279, 930)
(6, 1660, -675)
(6, 3598, -768)
(6, 1430, -480)
(6, 3769, -271)
(6, 1901, -782)
(6, 1818, -956)
(6, 1815, -575)
(6, 827, -403)
(6, 3594, -1006)
(6, 2932, -468)
(6, 1581, 636)
(6, 1730, 360)
(6, 347, -86)
(6, 1249, 328)
(6, 543, -515)
(6, 283, -622)
(6, 628, -464)
(6, 1906, -822)
(6, 170, 70)
(6, 1859, -422)
(6, 71, -773)
(6, 885, -715)
(6, 1277, 856)
(6, 413, -1020)
(6, 1409, -829)
(6, 951, -16)
(6, 612, -719)
(6, 251, -987)
(6, 1067, -625)
(6, 1643, -980)
(6, 980, -754)
(6, 317, -294)
(6, 502, -921)
(6, 3399, -861)
(6, 2072, -531)
(6, 1475, -999)
(6, 530, -472)
(6, 1831, -608)
(6, 2507, -617)
(6, 3197, -544)
(6, 154, 311)
(6, 3021, -917)
(6, 454, -997)
(6, 1452, -615)
(6, 802, -519)
(6, 174, -653)
(6, 782, -968)
(6, 2089, -563)
(6, 577, -532)
(6, 2299, -753)
(6, 186, -882)
(6, 1127, -925)
(6, 1679, 656)
(6, 1597, -757)
(6, 60, -706)
(6, 1815, 336)
(6, 627, -587)
(6, 3014, 173)
(6, 1810, -540)
(6, 1100, 763)
(6, 288, -992)
(6, 2871, 714)
(6, 198, 438)
(6, 774, -614)
(6, 3310, -520)
(6, 3292, 218)
(6, 397, -935)
(6, 1301, -911)
(6, 1860, -727)
(6, 293, 91)
(6, 1911, -625)
(6, 69, -718)
(6, 1176, 197)
(6, 701, -834)
(6, 1120, -809)
(6, 290, 721)
(6, 1761, 480)
(6, 1424, -712)
(6, 81, -506)
(6, 3239, 800)
(6, 2630, -1001)
(7, 2837, -790)
(7, 1840, -40)
(7, 1888, 143)
(7, 2586, -777)
(7, 1691, -541)
(7, 1164, -886)
(7, 853, -694)
(7, 1121, 935)
(7, 208, 313)
(7, 1831, -330)
(7, 1274, -870)
(7, 953, -596)
(7, 3355, -813)
(7, 1601, -264)
(7, 2992, 734)
(7, 2909, -938)
(7, 1209, 335)
(7, 3123, -548)
(7, 1347, -932)
(7, 1609, -696)
(7, 1051, -601)
(7, 1397, -765)
(7, 637, -872)
(7, 3663, 337)
(7, 650, 526)
(7, 481, -619)
(7, 768, -983)
(7, 880, 498)
(7, 2819, -717)
(7, 3680, -762)
(7, 2419, -655)
(7, 1171, -718)
(7, 611, -589)
(7, 3816, -323)
(7, 1236, -739)
(7, 507, -562)
(7, 1789, -951)
(7, 1855, -895)
(7, 124, 394)
(7, 866, -912)
(7, 2679, -690)
(7, 243, -568)
(7, 60, -12)
(7, 517, 560)
(7, 1874, -540)
(7, 1443, -586)
(7, 859, 104)
(7, 557, -541)
(7, 509, -837)
(7, 3056, 983)
(7, 3206, -793)
(7, 1148, 429)
(7, 846, -693)
(7, 3824, -77)
(7, 2096, 445)
(7, 2180, 539)
(7, 2511, -860)
(7, 1831, -551)
(7, 2638, -772)
(7, 1517, -956)
(7, 1776, 189)
(7, 827, 947)
(7, 2925, -795)
(7, 762, 568)
(7, 2990, -849)
(7, 1047, -732)
(7, 1772, 167)
(7, 1575, -879)
(7, 995, -995)
(7, 785, -790)
(7, 921, -816)
(7, 1084, 869)
(7, 1899, -152)
(7, 3191, 413)
(7, 880, 0)
(7, 862, -558)
(7, 122, -456)
(7, 608, 669)
(7, 1470, -873)
(7, 80, -983)
(7, 1641, -804)
(7, 1275, -941)
(7, 1969, -108)
(7, 481, 514)
(7, 663, -34)
(7, 451, -921)
(7, 292, -819)
(7, 1241, -715)
(7, 3532, -566)
(7, 1939, 647)
(7, 1277, -685)
(7, 804, -137)
(7, 1575, 292)
(7, 249, 479)
(7, 1581, -1014)
(7, 2753, 800)
(7, 3127, -932)
(7, 1273, -260)
(7, 3792, 150)
(7, 2799, -728)
(7, 1571, -963)
(7, 3037, -884)
(7, 3450, -1008)
(7, 1279, -973)
(7, 189, -586)
(7, 651, 598)
(7, 2136, -782)
(7, 168, 505)
(7, 718, -805)
(7, 136, -919)
(7, 1091, -15)
(7, 1847, -936)
(7, 943, -546)
(7, 3409, -744)
(7, 823, -740)
(7, 499, -764)
(7, 1512, 2)
(7, 1570, 750)
(7, 1092, -348)
(7, 892, -984)
(7, 2643, 600)
(7, 1591, 457)
(7, 2730, -815)
(7, 492, -1003)
(7, 1020, -938)
(8, 1858, -903)
(8, 618, 459)
(8, 3744, -681)
(8, 2249, 174)
(8, 2270, -718)
(8, 479, -950)
(8, 1504, -591)
(8, 275, -630)
(8, 1001, -978)
(8, 3614, -989)
(8, 1648, -950)
(8, 2081, 634)
(8, 1908, -842)
(8, 428, -736)
(8, 781, -88)
(8, 476, -960)
(8, 1639, -970)
(8, 1052, -627)
(8, 1426, -892)
(8, 571, 273)
(8, 219, -523)
(8, 1793, -890)
(8, 1644, -715)
(8, 1143, -941)
(8, 887, -366)
(8, 2734, -628)
(8, 1399, -928)
(8, 3752, 876)
(8, 154, -930)
(8, 962, -542)
(8, 3154, -917)
(8, 874, -509)
(8, 1779, -660)
(8, 459, 431)
(8, 431, -969)
(8, 1425, -549)
(8, 1778, -836)
(8, 819, -847)
(8, 100, -1019)
(8, 1132, -608)
(8, 1763, -846)
(8, 1848, -602)
(8, 881, -660)
(8, 3431, -543)
(8, 1343, -946)
(8, 1201, -782)
(8, 967, 368)
(8, 1298, -789)
(8, 442, -772)
(8, 2356, -721)
(8, 1329, -707)
(8, 2452, -671)
(8, 2460, 944)
(8, 3595, 651)
(8, 1895, -847)
(8, 697, -944)
(8, 1910, -544)
(8, 1442, -609)
(8, 1580, -739)
(8, 1366, -603)
(8, 785, -655)
(9, 1013, -10)
(9, 3806, -577)
(9, 318, -820)
(9, 3382, -953)
(9, 239, -315)
(9, 385, -966)
(9, 1619, -20)
(9, 2792, -633)
(9, 1420, -998)
(9, 332, -593)
(9, 467, -646)
(9, 78, 208)
(9, 1442, 464)
(9, 1444, -604)
(9, 1838, -993)
(9, 1144, -715)
(9, 1467, 929)
(9, 2240, -798)
(9, 3376, 1017)
(9, 951, -250)
(9, 3141, -648)
(9, 1729, -728)
(9, 522, 910)
(9, 611, -701)
(9, 1854, -1009)
(9, 33, -529)
(9, 56, -945)
(9, 3279, -974)
(9, 1778, -457)
(9, 1564, -735)
(9, 3425, -384)
(9, 1524, 649)
(9, 1111, -782)
(9, 1029, -643)
(9, 2833, -53)
(9, 1430, -208)
(9, 818, 422)
(9, 1442, -714)
(9, 912, -919)
(9, 786, -591)
(9, 1006, 190)
(9, 1343, -211)
(9, 1853, -545)
(9, 1423, -736)
(9, 3604, -831)
(9, 250, -654)
(9, 421, -793)
(9, 1264, -658)
(9, 1980, 129)
(9, 630, 472)
(9, 1922, 429)
(9, 219, -433)
(9, 1138, -179)
(9, 91, -963)
(9, 895, -891)
(9, 1500, -661)
(9, 3310, -161)
(9, 1372, -745)
(9, 3221, -56)
(9, 3647, 730)
(9, 3510, -287)
(9, 120, -423)
(9, 325, 360)
(9, 237, -818)
(9, 1140, -841)
(9, 1050, -657)
(9, 3343, -936)
(9, 3353, -712)
(9, 133, -399)
(9, 113, -965)
(9, 2726, -513)
(9, 3368, -819)
(9, 2888, -1020)
(9, 1068, 850)
(9, 2035, -649)
(9, 663, 1010)
(9, 641, 95)
(10, 141, -892)
(10, 519, -623)
(10, 717, -280)
(10, 316, -844)
(10, 982, -916)
(10, 279, -884)
(10, 1249, -781)
(10, 583, -682)
(10, 1731, -853)
(10, 2893, -593)
(10, 2858, 208)
(10, 2868, 137)
(10, 1344, -494)
(10, 2276, -206)
(10, 1469, -681)
(10, 3371, 943)
(10, 1579, -982)
(10, 334, -368)
(10, 475, -896)
(10, 741, -585)
(10, 3079, 54)
(10, 1260, -862)
(10, 2610, -819)
(10, 1727, 162)
(10, 1823, -643)
(10, 574, -143)
(10, 1836, 394)
(10, 3334, -909)
(10, 1752, 879)
(10, 2005, -624)
(10, 1617, -447)
(10, 1797, -56)
(10, 1398, -850)
(10, 620, -790)
(10, 532, -561)
(10, 2462, 919)
(10, 1631, 881)
(10, 150, -569)
(10, 3799, -729)
(10, 7, -892)
(10, 1775, 607)
(10, 452, -1018)
(10, 1522, 601)
(10, 158, -778)
(10, 399, -668)
(10, 2011, -1014)
(10, 915, 566)
(10, 70, -666)
(10, 1733, -700)
(10, 1699, -993)
(10, 2553, 567)
(10, 1367, -888)
(10, 2056, -1002)
(11, 1721, 199)
(11, 3518, -782)
(11, 1645, -668)
(11, 2118, -542)
(11, 452, -582)
(11, 589, -288)
(11, 2974, 233)
(11, 251, -568)
(11, 440, 724)
(11, 2104, 497)
(11, 838, -214)
(11, 600, -763)
(11, 1961, -857)
(11, 706, 529)
(11, 3607, -516)
(11, 3045, -632)
(11, 388, -145)
(11, 5, -577)
(11, 622, -919)
(11, 1696, -50)
(11, 8, 681)
(11, 2690, -590)
(11, 2599, -908)
(11, 1123, 14)
(11, 3300, -944)
(11, 2614, -37)
(11, 678, -913)
(11, 3098, -30)
(11, 2090, -605)
(11, 1497, -950)
(11, 2759, -822)
(11, 649, -717)
(11, 1703, 312)
(11, 1631, -29)
(11, 2111, -583)
(11, 994, -503)
(11, 2927, -975)
(11, 2563, -920)
(11, 91, -706)
(11, 1400, -527)
(11, 3322, -1011)
(11, 882, -959)
(11, 1518, -831)
(11, 1587, -693)
(11, 2282, -461)
(11, 1843, 383)
(11, 1515, -781)
(11, 3214, -984)
(11, 1301, -877)
(11, 2097, -580)
(11, 387, -594)
(11, 2989, -872)
(11, 1067, 1019)
(11, 383, 270)
(11, 1621, -623)
(11, 1498, -981)
(11, 578, -913)
(11, 875, -980)
(11, 1789, -308)
(11, 1254, -901)
(11, 236, -987)
(11, 2493, -649)
(12, 548, -251)
(12, 1684, -945)
(12, 3542, 316)
(12, 676, 720)
(12, 799, -888)
(12, 399, -628)
(12, 1701, -779)
(12, 1875, 622)
(12, 2674, -569)
(12, 21, -273)
(12, 1792, 152)
(12, 573, 332)
(12, 483, -674)
(12, 1669, -891)
(12, 419, -470)
(12, 1442, 25)
(12, 2011, -798)
(12, 1542, -636)
(12, 520, -365)
(12, 2295, -835)
(12, 586, -982)
(12, 706, -534)
(12, 1534, 244)
(12, 2285, -718)
(12, 1368, -912)
(12, 1841, -672)
(12, 1679, -549)
(12, 226, -846)
(12, 484, -913)
(12, 610, -973)
(12, 1334, 763)
(12, 2593, -615)
(12, 19, -1022)
(12, 621, -753)
(12, 1690, -121)
(12, 348, -385)
(12, 355, -916)
(12, 1369, -565)
(12, 70, -775)
(12, 2915, -784)
(12, 1987, 773)
(12, 2040, -545)
(12, 1092, -819)
(12, 2225, -397)
(12, 1502, -764)
(12, 3097, -781)
(12, 2890, -850)
(12, 703, -803)
(12, 458, -858)
(12, 3488, -563)
(12, 1359, -560)
(12, 1682, -271)
(12, 3289, -5)
(13, 1924, 139)
(13, 1740, -619)
(13, 1631, -263)
(13, 212, 947)
(13, 784, -921)
(13, 886, 222)
(13, 2881, -532)
(13, 1483, -909)
(13, 1627, -542)
(13, 1976, -918)
(13, 941, -622)
(13, 105, -922)
(13, 441, 335)
(13, 698, 267)
(13, 196, 669)
(13, 1684, 750)
(13, 963, -929)
(13, 1716, -94)
(13, 955, -945)
(13, 2269, 689)
(13, 1455, -125)
(13, 400, -923)
(13, 2025, -34)
(13, 1275, -835)
(13, 1747, -46)
(13, 1030, -571)
(13, 802, -621)
(13, 1304, -990)
(13, 1865, 238)
(13, 2875, -586)
(13, 1401, -811)
(13, 1359, -554)
(13, 555, -427)
(13, 1451, -662)
(13, 253, -428)
(13, 541, -323)
(13, 1756, 1010)
(13, 552, 975)
(13, 1253, -764)
(13, 678, -778)
(13, 993, 893)
(13, 627, -58)
(13, 2615, 159)
(13, 260, 166)
(13, 55, -239)
(13, 965, -990)
(13, 454, -749)
(13, 750, -1015)
(13, 1563, -779)
(13, 1221, -527)
(13, 3823, 328)
(13, 317, -339)
(13, 1990, -180)
(13, 1612, -527)
(13, 106, -975)
(13, 207, -858)
(13, 1712, -754)
(13, 963, -284)
(13, 665, -740)
(13, 2172, -416)
(13, 1928, -158)
(13, 3366, -878)
(13, 2543, -827)
(13, 291, 456)
(13, 275, 41)
(13, 442, -228)
(13, 946, 931)
(13, 1436, -891)
(13, 2194, -636)
(13, 519, 201)
(13, 1735, -854)
(13, 1849, -911)
(13, 2796, 382)
(13, 1021, -693)
(13, 86, -4)
(13, 579, -968)
(13, 3656, -440)
(13, 818, -641)
(13, 551, 371)
(13, 682, 210)
(13, 603, 913)
(13, 138, -525)
(13, 1339, -919)
(13, 1285, -608)
(13, 10, -607)
(13, 515, -630)
(13, 738, -668)
(13, 1359, 177)
(13, 588, -430)
(13, 520, -811)
(13, 386, -696)
(13, 2153, -908)
(13, 1918, -70)
(13, 1929, -552)
(13, 3280, 403)
(13, 3328, -748)
(13, 3428, -793)
(13, 197, -813)
(13, 214, -904)
(13, 2374, -870)
(13, 834, -585)
(13, 257, 861)
(13, 1899, 448)
(13, 2572, -224)
(13, 1142, 742)
(13, 1916, -722)
(13, 1026, 914)
(13, 771, 847)
(13, 287, -576)
(13, 2988, 1001)
(13, 2658, -944)
(13, 1460, -654)
(13, 3586, -547)
(13, 3826, -935)
(13, 68, 278)
(13, 684, -690)
(13, 350, -938)
(13, 1873, -653)
(13, 1564, -11)
(13, 3731, -889)
(13, 718, -670)
(13, 3524, -1019)
(13, 3493, -547)
(13, 1402, -858)
(13, 1628, -727)
(13, 77, -686)
(13, 1305, -527)
(13, 1644, -700)
(13, 1145, -650)
(13, 1694, -794)
(13, 1215, -947)
(13, 2704, -690)
(13, 1149, -557)
(13, 1958, -759)
(13, 361, 475)
(13, 5, -968)
(13, 772, 438)
(13, 2480, -652)
(13, 437, -752)
(13, 2899, -692)
(13, 3311, -577)
(13, 1087, 400)
(13, 1497, -644)
(13, 1483, 724)
(13, 704, -825)
(13, 2937, -540)
(13, 2701, -713)
(13, 257, -631)
(13, 3695, -583)
(13, 1833, 396)
(13, 1635, -782)
(13, 3017, -320)
(13, 3333, 830)
(13, 211, -325)
(13, 1248, -748)
(13, 1546, -1019)
(13, 149, -564)
(13, 106, -162)
(13, 2632, -776)
(13, 457, -838)
(13, 651, 350)
(13, 3341, -585)
(13, 1143, 457)
(13, 828, -732)
(13, 1730, -641)
(13, 272, -533)
(13, 1845, -576)
(13, 227, -468)
(13, 1000, -908)
(13, 50, 440)
(13, 1140, -857)
(13, 1502, -928)
(13, 2596, -672)
(13, 1779, -958)
(13, 1187, 361)
(13, 329, -679)
(13, 1244, -962)
(13, 3101, -661)
(13, 445, -642)
(13, 3179, -735)
(13, 1404, -989)
(13, 1794, -553)
(13, 2908, -953)
(13, 3170, -581)
(13, 1536, -863)
(13, 2287, -666)
(13, 1305, -809)
(13, 1264, -993)
(13, 2032, -231)
(13, 1546, -844)
(13, 1562, -920)
(13, 13, -973)
(13, 1045, -990)
(13, 1200, -607)
(13, 3375, -566)
(14, 1011, -727)
(14, 198, 575)
(14, 1009, -693)
(14, 2370, 649)
(14, 3799, -984)
(14, 571, 9)
(14, 21, -384)
(14, 1577, -587)
(14, 1576, -102)
(14, 1292, -69)
(14, 1869, -710)
(14, 1519, -581)
(14, 3733, -628)
(14, 1438, -806)
(14, 1617, 539)
(14, 1693, -833)
(14, 236, -397)
(14, 1461, -720)
(14, 409, -752)
(14, 953, 879)
(14, 86, 551)
(14, 1433, -521)
(14, 152, -186)
(14, 600, -978)
(15, 142, -762)
(15, 2823, -771)
(15, 805, 596)
(15, 74, -838)
(15, 1216, -319)
(15, 1382, -660)
(15, 809, -840)
(15, 190, 889)
(15, 121, 766)
(15, 844, -808)
(15, 390, 75)
(16, 565, -871)
(16, 2618, -532)
(16, 667, -970)
(16, 2338, -588)
(16, 1015, -166)
(16, 751, -858)
(16, 415, -982)
(16, 242, -632)
(16, 2056, -908)
(16, 3232, 387)
(16, 3721, -991)
(16, 1097, -749)
(16, 3348, 634)
(16, 977, 878)
(16, 504, 112)
(16, 1308, -920)
(16, 432, 933)
(16, 2959, -59)
(16, 2058, -904)
(16, 2403, -940)
(16, 3822, 578)
(16, 579, -594)
(16, 1773, -856)
(16, 1708, 731)
(16, 603, 669)
(16, 665, 980)
(16, 610, 22)
(16, 1639, 718)
(16, 408, -997)
(16, 730, -926)
(16, 3153, -797)
(16, 1208, -586)
(16, 237, -989)
(16, 914, 249)
(16, 3717, 354)
(16, 1698, 969)
(16, 1491, -818)
(16, 1425, -199)
(16, 1010, -738)
(16, 88, -817)
(16, 696, -658)
(16, 1282, -402)
(16, 715, 991)
(16, 356, -18)
(16, 2402, -846)
(16, 2899, -945)
(16, 641, 1014)
(16, 503, -764)
(16, 1586, -902)
(16, 2419, -153)
(16, 374, 494)
(16, 3072, 402)
(16, 482, -1004)
(16, 1490, 959)
(16, 1101, -801)
(16, 351, 321)
(16, 1033, -901)
(16, 1108, 1017)
(16, 3006, -675)
(16, 1491, -651)
(16, 305, -275)
(16, 725, -868)
(16, 1783, -568)
(16, 296, 602)
(16, 2580, -862)
(16, 1147, -99)
(16, 3061, -538)
(16, 1555, -987)
(16, 516, -857)
(16, 1879, -889)
(16, 1576, -528)
(16, 1931, -957)
(16, 1147, 975)
(16, 1499, -876)
(16, 2410, -428)
(16, 1393, -837)
(16, 1968, -528)
(16, 1204, -676)
(16, 1054, -525)
(16, 1312, -9)
(16, 1201, 382)
(16, 926, 693)
(16, 1339, -809)
(16, 1354, 295)
(16, 277, -491)
(16, 1727, -654)
(16, 2026, -964)
(16, 1270, 359)
(16, 2936, -335)
(16, 200, -311)
(16, 571, -985)
(16, 525, -777)
(16, 843, 790)
(16, 997, -1001)
(16, 3702, 833)
(16, 800, -547)
(16, 1247, 769)
(16, 3509, -247)
(16, 727, -914)
(16, 599, 463)
(16, 3113, 299)
(16, 2704, -632)
(16, 1015, -979)
(16, 445, -99)
(16, 3179, -258)
(16, 659, -948)
(16, 3216, 9)
(16, 2193, -1011)
(16, 3168, -624)
(16, 342, -795)
(16, 2744, -607)
(16, 2021, -1020)
(16, 1912, -570)
(16, 687, -624)
(16, 2499, -822)
(16, 920, -902)
(16, 1421, -769)
(16, 595, -413)
(16, 1311, -500)
(16, 1850, -949)
(16, 2670, 577)
(16, 3331, -656)
(16, 401, 616)
(16, 3613, -927)
(16, 709, -698)
(16, 1100, 892)
(16, 2161, -482)
(16, 1603, -545)
(16, 651, -811)
(16, 1508, -757)
(16, 479, -949)
(16, 793, -133)
(16, 1939, -792)
(16, 703, -893)
(16, 1808, -691)
(16, 3602, 479)
(16, 883, -797)
(16, 1714, -815)
(16, 3618, -706)
(16, 2025, -735)
(17, 1672, -160)
(17, 1701, -898)
(17, 228, -996)
(17, 3290, -505)
(17, 208, -601)
(17, 580, -557)
(17, 2978, -949)
(17, 444, 986)
(17, 2280, 602)
(17, 1214, -727)
(17, 869, -688)
(17, 1926, 685)
(17, 2311, 211)
(17, 1177, -855)
(17, 371, -613)
(17, 1871, -637)
(17, 1039, -694)
(17, 1915, -518)
(17, 2527, -727)
(17, 948, -778)
(17, 466, -900)
(17, 279, -211)
(17, 873, -195)
(17, 184, 619)
(17, 377, -992)
(17, 2935, -754)
(17, 400, -840)
(17, 2241, -994)
(17, 1720, -349)
(17, 89, -543)
(17, 568, 512)
(17, 2341, 417)
(17, 168, 160)
(17, 1023, -40)
(17, 1673, 340)
(17, 267, -693)
(17, 670, -663)
(17, 1226, -942)
(17, 1496, 674)
(17, 3401, 256)
(17, 3339, -509)
(17, 2330, 349)
(17, 639, -738)
(17, 1899, -74)
(17, 1314, 826)
(17, 1548, -251)
(17, 364, -719)
(17, 10, -858)
(17, 1545, 887)
(17, 1746, -850)
(17, 1061, -904)
(17, 2065, -118)
(17, 1610, -527)
(17, 366, -259)
(17, 503, -589)
(17, 3523, -776)
(17, 1869, 56)
(17, 3320, -662)
(17, 887, -578)
(17, 217, -856)
(17, 2524, -806)
(17, 1224, -988)
(17, 3543, -1017)
(17, 1214, -678)
(17, 1987, -513)
(18, 1077, 816)
(18, 102, -91)
(18, 1302, -565)
(18, 3716, -810)
(18, 774, -584)
(18, 435, -956)
(18, 2407, -464)
(18, 1793, -960)
(18, 892, -880)
(18, 740, 82)
(18, 1674, -1019)
(18, 1874, -889)
(18, 408, 1023)
(18, 2897, 825)
(18, 626, -892)
(18, 1248, 743)
(18, 1755, 647)
(18, 1593, -921)
(18, 268, -633)
(18, 1335, -774)
(18, 1681, 477)
(18, 1462, 716)
(18, 1308, -818)
(18, 1120, -125)
(18, 492, 617)
(18, 3552, -788)
(18, 2990, -694)
(18, 467, 528)
(18, 622, -829)
(18, 788, -556)
(18, 2150, -634)
(18, 2959, -240)
(18, 362, -895)
(18, 1190, -906)
(18, 1117, -135)
(18, 893, -557)
(18, 1035, -729)
(18, 189, -1021)
(18, 564, 318)
(18, 1769, -771)
(18, 1953, -964)
(18, 3751, -605)
(18, 1470, -707)
(18, 3375, -852)
(18, 260, -793)
(18, 317, -592)
(18, 723, -520)
(18, 39, -658)
(18, 822, 672)
(18, 1811, -760)
(18, 1535, -843)
(18, 2, 877)
(18, 30, 951)
(18, 526, -953)
(18, 2544, -638)
(18, 2502, 729)
(18, 1689, -861)
(18, 1057, -712)
(18, 619, 21)
(18, 1975, -563)
(19, 3188, -127)
(19, 1871, -266)
(19, 278, 45)
(19, 767, -622)
(19, 2131, -561)
(19, 1085, 377)
(19, 377, -979)
(19, 1567, -824)
(19, 3108, -576)
(19, 1855, -641)
(19, 654, -941)
(19, 2781, -1022)
(19, 313, -210)
(19, 274, -697)
(19, 2271, 741)
(19, 1653, 522)
(19, 3249, -744)
(19, 963, -989)
(19, 499, 734)
(19, 1388, 852)
(19, 187, -616)
(19, 966, -839)
(19, 912, 268)
(19, 31, -548)
(19, 47, -647)
(19, 1212, -446)
(19, 344, -665)
(19, 1758, -644)
(19, 627, -648)
(19, 2438, -903)
(19, 2697, -546)
(19, 831, -769)
(19, 3208, -757)
(19, 1515, -92)
(19, 351, -899)
(19, 447, 704)
(19, 935, -984)
(19, 1069, -704)
(19, 378, -669)
(19, 1066, -684)
(19, 605, -831)
(19, 1843, -798)
(19, 2999, 781)
(20, 3106, 689)
(20, 3745, -591)
(20, 1469, -225)
(20, 296, -521)
(20, 1033, -913)
(20, 2678, 733)
(20, 551, -835)
(20, 3278, -1000)
(20, 1718, 60)
(20, 3414, -940)
(20, 902, -774)
(21, 1290, -787)
(21, 489, 760)
(21, 526, -518)
(21, 2873, -746)
(21, 1051, 390)
(21, 10, 161)
(21, 124, -923)
(21, 1515, 111)
(21, 3281, 888)
(21, 1515, 106)
(21, 481, -887)
(21, 2250, 758)
(21, 1281, -62)
(21, 960, -750)
(21, 2405, -656)
(21, 262, -749)
(21, 1947, -904)
(21, 1966, 419)
(21, 822, -788)
(21, 981, -812)
(21, 1709, -547)
(21, 2621, -945)
(21, 1640, -671)
(21, 1679, -620)
(21, 926, -919)
(21, 3635, -783)
(21, 1855, -769)
(21, 2578, -245)
(21, 2887, -274)
(21, 263, 986)
(21, 2620, 162)
(21, 2710, 684)
(21, 1655, 283)
(21, 1288, -117)
(21, 2703, 798)
(21, 590, -700)
(21, 432, -857)
(21, 1645, -981)
(21, 1236, -642)
(21, 14, -994)
(21, 1264, 589)
(21, 739, -690)
(21, 1473, -899)
(21, 1518, -960)
(21, 2749, -817)
(21, 930, -1022)
(21, 2021, -690)
(21, 3083, -920)
(21, 365, -242)
(21, 797, -607)
(21, 1405, -737)
(21, 1749, -999)
(21, 3834, -1020)
(21, 1847, -27)
(21, 1846, -958)
(21, 1306, -883)
(21, 1569, -832)
(21, 2296, -126)
(21, 2747, -445)
(21, 1073, -647)
(21, 3120, 801)
(21, 1239, -615)
(21, 2601, -662)
(21, 2878, 706)
(21, 1174, -935)
(21, 1697, -907)
(21, 1298, -261)
(21, 884, -590)
(21, 484, 398)
(21, 1640, -925)
(21, 1964, -628)
(21, 346, -75)
(21, 1769, 441)
(21, 1798, -266)
(21, 1518, -941)
(21, 2366, -683)
(21, 1141, -594)
(21, 128, 95)
(21, 1643, 372)
(21, 1391, -124)
(21, 1758, 962)
(21, 3093, 393)
(21, 495, 555)
(21, 1650, -36)
(21, 896, -871)
(21, 456, -464)
(22, 520, 716)
(22, 1222, 444)
(22, 920, -611)
(22, 1753, 410)
(22, 1842, -641)
(22, 1800, -569)
(22, 1411, -1015)
(22, 1720, -858)
(22, 1956, -324)
(22, 486, -953)
(22, 2906, -875)
(22, 884, -910)
(22, 840, -915)
(22, 1421, 388)
(22, 417, 127)
(22, 661, -672)
(22, 3486, -861)
(22, 449, -528)
(22, 943, -832)
(22, 368, -1015)
(22, 44, 545)
(22, 3128, -158)
(22, 7, -808)
(22, 561, -822)
(22, 3821, -20)
(22, 1437, -682)
(22, 207, -957)
(22, 1022, -822)
(22, 783, -780)
(22, 1191, -648)
(22, 1916, -737)
(22, 73, 20)
(22, 1002, 646)
(22, 781, 112)
(22, 2941, 415)
(22, 1491, -180)
(22, 2592, -679)
(22, 451, -753)
(22, 1510, -830)
(22, 468, -912)
(22, 3247, 536)
(22, 3662, -735)
(22, 1394, -996)
(22, 1700, -769)
(22, 184, -714)
(22, 301, -531)
(22, 1085, -967)
(22, 2356, 977)
(22, 3243, 58)
(22, 2478, -857)
(22, 1774, -340)
(22, 1405, -608)
(22, 2968, -95)
(22, 2829, -731)
(22, 944, -481)
(22, 873, 361)
(22, 2118, 677)
(22, 1503, 165)
(22, 1596, -681)
(22, 2178, -747)
(22, 632, -667)
(22, 2158, -634)
(22, 1727, -582)
(22, 2081, -914)
(22, 2967, -488)
(22, 922, -621)
(22, 1466, -805)
(22, 1822, -857)
(22, 1700, -1013)
(22, 559, -741)
(22, 639, 664)
(22, 1147, -995)
(23, 1014, 610)
(23, 433, -700)
(23, 454, -995)
(23, 1884, 178)
(23, 1658, 629)
(23, 1684, -983)
(23, 546, -616)
(23, 3428, -972)
(23, 217, 862)
(23, 3329, -551)
(23, 2093, 101)
(23, 1872, -981)
(23, 947, -998)
(23, 792, -642)
(23, 1047, -996)
(23, 1027, -944)
(23, 1500, -789)
(23, 1381, -295)
(23, 1810, -566)
(23, 84, -697)
(23, 826, -330)
(23, 985, -1009)
(23, 574, -797)
(23, 957, -696)
(23, 911, -965)
(23, 506, -1022)
(23, 1494, -318)
(23, 3480, -954)
(23, 3486, -707)
(23, 1653, -869)
(23, 1064, -429)
(23, 1536, -1016)
(23, 1654, -663)
(23, 765, -888)
(23, 1931, 398)
(23, 1964, -720)
(23, 164, -1018)
(23, 3080, -185)
(24, 1051, -308)
(24, 1590, 43)
(24, 592, -526)
(24, 3497, -916)
(24, 1280, 297)
(24, 1413, -590)
(24, 404, -841)
(24, 103, -352)
(24, 108, 864)
(24, 1067, -968)
(24, 719, -775)
(24, 2143, 107)
(24, 538, -597)
(24, 2341, -903)
(24, 208, -96)
(24, 1389, -656)
(24, 3267, -836)
(24, 1079, 190)
(24, 945, -124)
(24, 750, 195)
(24, 833, -954)
(24, 301, 241)
(24, 1300, 1020)
(24, 2641, -971)
(24, 920, -946)
(24, 629, -948)
(24, 30, -982)
(24, 1817, 13)
(24, 1025, -995)
(24, 1086, -562)
(24, 1802, -683)
(24, 29, -698)
(24, 1606, -634)
(24, 1812, -681)
(24, 1697, -173)
(24, 296, -741)
(24, 2329, 311)
(24, 2211, 674)
(24, 188, -660)
(24, 1548, -345)
(24, 1014, -1021)
(24, 1410, -55)
(24, 2104, 952)
(24, 3439, -753)
(24, 1873, 808)
(24, 1703, -977)
(24, 2295, -563)
(24, 1681, -604)
(24, 1628, -301)
(24, 439, 442)
(24, 898, 906)
(24, 1540, -833)
(24, 2632, -871)
(24, 52, -522)
(24, 1441, -662)
(24, 818, -618)
(24, 3324, 976)
(24, 1149, -552)
(24, 717, -576)
(24, 925, -627)
(24, 85, -688)
(24, 666, 827)
(24, 2309, -719)
(24, 1608, -564)
(24, 3588, -770)
(24, 438, -709)
(24, 1843, -538)
(24, 1041, -778)
(24, 1615, -935)
(24, 1716, -713)
(24, 1902, -776)
(24, 2484, -970)
(24, 355, -768)
(24, 757, -956)
(24, 3004, -712)
(24, 3286, -715)
(24, 1552, -540)
(24, 1745, 993)
(24, 2293, -992)
(24, 638, -545)
(24, 2678, -533)
(24, 1762, -783)
(24, 3764, -913)
(24, 1878, -161)
(24, 1825, -879)
(24, 866, -767)
(24, 3273, -818)
(24, 711, -714)
(24, 1681, -531)
(24, 3189, -651)
(24, 342, -855)
(24, 2235, -662)
(24, 104, 522)
(24, 1924, 898)
(24, 1471, -1019)
(24, 3622, 650)
(24, 858, -220)
(24, 711, 718)
(24, 378, 547)
(24, 553, -564)
(24, 1995, -734)
(24, 1034, -870)
(24, 3629, -615)
(24, 1050, 711)
(24, 662, 665)
(24, 1475, -896)
(24, 721, -336)
(24, 640, 506)
(24, 88, -638)
(24, 1252, 68)
(24, 1639, -640)
(24, 1056, -266)
(24, 2339, 14)
(24, 1885, -269)
(24, 1843, -578)
(24, 2749, 512)
(24, 688, -815)
(24, 1330, -857)
(24, 274, 104)
(24, 1795, -1013)
(24, 1679, -1004)
(24, 2595, 619)
(24, 1768, -17)
(24, 455, -692)
(24, 852, -630)
(24, 2604, -519)
(24, 879, 203)
(24, 3048, 187)
(24, 2666, 688)
(24, 1306, -933)
(24, 2116, -440)
(24, 1173, -520)
(24, 722, -51)
(24, 967, -678)
(24, 1035, -515)
(24, 260, -711)
(24, 145, -992)
(24, 626, -889)
(24, 196, -894)
(24, 3719, -731)
(24, 832, -514)
(24, 1769, -496)
(24, 1013, -30)
(24, 3124, -676)
(24, 1370, -26)
(24, 1268, -844)
(24, 356, -759)
(24, 945, -233)
(24, 990, -751)
(24, 1527, -846)
(24, 453, -627)
(24, 1191, 668)
(24, 530, -681)
(24, 3305, -653)
(24, 2926, 511)
(24, 217, -908)
(24, 1743, -691)
(24, 521, -67)
(24, 1324, -751)
(24, 197, -906)
(24, 2727, -578)
(24, 1017, 878)
(24, 2623, -891)
(24, 1890, -996)
(24, 1666, -336)
(24, 360, -985)
(24, 909, -947)
(24, 958, 588)
(24, 1234, -736)
(24, 652, 169)
(24, 267, -644)
(24, 162, -998)
(24, 629, 486)
(24, 3306, -1022)
(24, 901, -549)
(24, 1539, -439)
(24, 1610, -642)
(24, 405, 432)
(24, 497, 510)
(24, 369, -521)
(24, 3749, 996)
(24, 3055, -696)
(24, 438, -75)
(24, 1552, 23)
(24, 2701, -959)
(24, 830, -93)
(24, 3445, -776)
(24, 1055, 846)
(24, 3228, -748)
(24, 2196, -652)
(24, 1358, -434)
(24, 3834, -545)
(24, 750, -861)
(24, 1771, -861)
(25, 1907, -632)
(25, 2115, -961)
(25, 212, 951)
(25, 2977, -672)
(25, 452, -551)
(25, 3153, -780)
(25, 1227, -733)
(25, 3365, 904)
(25, 1007, 880)
(25, 2545, -867)
(25, 3374, -824)
(25, 1009, 696)
(25, 498, -864)
(25, 1791, -1001)
(25, 964, -951)
(25, 2367, -889)
(25, 1599, -975)
(25, 3568, -831)
(25, 703, -284)
(25, 1589, 481)
(25, 763, -25)
(25, 1678, -661)
(25, 996, -810)
(25, 213, -667)
(25, 39, -289)
(25, 975, -440)
(25, 1259, -143)
(25, 1441, -721)
(25, 2200, -736)
(25, 1607, -746)
(25, 971, -514)
(26, 1301, -494)
(26, 1046, -406)
(26, 1183, -344)
(26, 668, -564)
(26, 3592, -741)
(26, 3233, -750)
(26, 141, 746)
(26, 1857, -806)
(26, 3532, -697)
(26, 1110, -522)
(26, 2255, -635)
(26, 900, -960)
(26, 211, 429)
(26, 920, -799)
(26, 614, -621)
(26, 709, -821)
(26, 2205, -69)
(26, 3269, -726)
(26, 2404, 802)
(26, 22, -414)
(26, 840, -540)
(26, 584, 1011)
(26, 1569, -60)
(26, 998, -701)
(26, 1188, -618)
(26, 422, -764)
(26, 544, -949)
(26, 1280, 412)
